35721
44343
36943
32534
27113
38121
34289
21861
43769
11884
16176
38602
9712
15342
5095
44563
20911
30601
28924
15867
34275
47637
40930
19198
34405
54335
27876
9490
15659
17197
32709
45049
12184
32684
51264
53205
6497
46047
16302
16014
26687
13956
33398
19003
15405
40133
40182
17749
50761
43030
10717
25284
43119
22109
39636
11775
40280
49612
26641
40489
35397
6308
38263
45164
8942
47230
16948
39654
12060
34624
44513
28603
26842
27335
54346
15678
30430
27995
14657
6853
46260
32896
29972
9953
27775
12729
6476
21213
32153
51593
24637
39483
31970
52157
41428
12748
29069
13434
6883
49204
30359
8669
46697
31762
22445
42979
53290
7377
16363
22216
31882
29731
49307
9495
22817
24060
49771
54451
41250
7828
39158
44085
26749
20128
11991
23004
37202
23090
35720
19525
47805
48696
40638
52004
26802
26446
13940
17576
8890
34091
22218
23515
9603
35074
30600
12154
15124
42365
7811
16415
53870
31237
50376
44393
19500
46378
42275
52625
8401
7533
33770
16868
34541
21652
28331
41894
23766
7043
43366
40510
14118
34751
13309
11078
46352
23383
35570
20927
50674
30689
27117
32042
19162
48371
23618
42521
14161
51036
47086
35812
31934
45526
41845
37298
52420
47513
46215
36140
27148
49888
7594
19006
35585
40196
40644
52013
11098
33770
23306
10838
26722
10928
53954
14701
7759
51395
30369
53558
10884
14715
19171
28024
54851
12703
22969
43419
14260
6298
48029
24838
19500
48361
42442
45181
20219
13597
43209
39795
22086
5176
28788
21125
45591
17232
37032
10143
35773
11169
35424
36838
44118
50791
17261
32514
35902
42909
47695
47633
36546
42922
43277
29851
32585
37742
32628
16409
7582
31628
24752
10423
15593
22652
5226
47348
49382
48158
29903
24071
46230
21488
37161
40934
39299
28867
49227
27230
35842
10956
40598
40669
30865
8978
10178
28784
20828
6786
8254
8809
27335
43984
41191
35669
13167
41232
12827
30205
31996
29210
25373
48839
25287
27936
19348
32323
31131
33796
45110
31137
50060
49583
9080
14711
13379
21707
31023
50903
39480
39988
26658
22904
14370
43393
9988
49861
16633
9197
16296
12517
43205
54272
18567
40346
18703
15771
50944
40376
7608
39360
18113
44051
6126
46909
51565
9439
52576
44627
13391
48748
28539
45246
49360
22843
23289
8599
46670
51264
35208
49678
13720
50343
51969
9369
48817
26214
41429
22519
19955
12946
10491
47317
27932
34767
36131
54817
28075
14795
46068
6697
6490
5664
33030
14876
51270
33460
6527
36385
23967
10423
16822
36511
36709
40437
44697
14223
31134
20374
10238
33686
47957
44595
33772
44382
24213
54301
5407
27865
16611
39763
20614
20796
26698
31610
42776
36747
27277
13626
22690
48139
29060
23043
33097
17892
34155
47429
43167
16118
17974
52737
17842
40854
33668
50113
37924
42892
44799
28874
12310
26906
22856
12960
5960
43573
28653
15470
42176
47888
39594
48496
20499
40926
24432
23192
49901
48933
41113
18933
28768
33409
16871
37106
22723
19788
28220
39413
43465
41846
47362
22332
51318
9499
27782
38064
30985
40034
48804
36579
30095
20954
23070
14719
8552
47946
32279
8439
27674
18070
46164
14862
30137
38558
13573
39441
28703
51176
20638
11463
34158
20671
14637
53432
31197
32441
6284
22245
21945
40724
46283
17059
9983
49037
33517
36251
5517
18299
40240
15012
44964
9475
48726
52811
46277
35216
48602
11426
34272
28163
32336
23187
16588
8550
47208
24599
9553
46823
8237
42392
15049
7733
34343
24333
11154
51761
22827
53052
26110
14964
36271
35862
23244
23288
42150
31400
13341
16102
18094
30085
8689
18583
47669
6350
7255
40521
38904
38536
12796
25055
29724
10329
52473
7640
10764
13949
40665
50250
53532
7458
31657
45103
47814
16650
48812
32446
40811
22617
48506
8684
6411
35729
14732
41371
7978
10841
50048
17867
15736
18652
10346
32245
5290
49466
44215
31339
17488
19266
51419
54032
23372
28584
22080
54199
34400
53170
40992
26339
9269
12510
19315
34102
31737
20848
14189
41542
9889
22955
46324
14926
6825
6507
17958
43290
54582
23088
27923
39921
50857
33702
51219
50838
10820
34069
51091
17750
54180
30814
54031
54775
46183
29760
50661
26314
30937
5128
5779
26556
29474
34968
29381
50678
54401
46055
30993
41131
33910
24412
26721
7734
47710
43223
22756
41475
20791
52857
36381
18539
51611
54622
10555
51078
31119
23635
49302
39881
8419
52023
10689
53685
42137
28438
8844
10605
26218
24956
46708
23608
24299
5304
25265
46636
13673
40379
13597
50324
31741
25446
28026
36578
37103
40937
28079
21176
49132
5161
23886
37216
29797
40985
52722
22143
17349
20793
6489
21978
49530
15368
21190
31367
23529
41832
18670
50390
26317
7088
53400
6200
25804
11847
30610
36885
45355
54946
12683
40143
25788
10247
39293
33594
47997
25327
8614
9088
34037
26630
27722
36455
42320
11519
14988
22538
33477
50376
10003
10904
33667
7863
11297
44098
14532
24294
38704
39003
23646
47440
40249
43280
25883
8240
22962
32268
33556
17120
52398
17462
17035
17884
39148
34711
10600
18979
20141
44255
49528
30768
37194
51019
8906
42102
33517
42602
18378
18078
54253
21684
17215
20098
26482
27837
35034
11072
27782
34996
19445
10957
47472
54147
30142
10463
47482
26275
17125
45417
51502
35063
35426
47560
20308
31549
36318
19216
17526
35602
7038
49421
11382
31852
7911
34367
19526
40160
41061
36226
35226
5374
28151
36414
18300
39233
43392
27963
49596
50386
34487
22769
48363
29230
36964
15232
8717
35042
7323
46069
29560
41584
45057
44525
34607
25938
33661
13622
22183
8421
21048
16031
20931
31862
6688
46017
49016
37385
22215
49325
32156
52082
37889
8489
50069
12981
40197
11374
6686
25040
13596
43112
34714
45580
34060
21457
25405
8462
38564
5805
42430
17271
12205
24350
29610
46078
10915
5005
40228
53180
17464
35634
50963
52946
51976
16603
43761
23433
53493
26174
40646
46734
26769
52565
52616
20256
14938
27363
46889
50177
21623
34521
50650
16224
25989
8584
53557
34412
26494
52428
14081
25016
38085
41377
6526
7049
33749
41135
51673
23289
8767
13312
10859
16901
8583
44241
14272
46890
49232
17570
47301
10954
45777
45923
50491
11717
38725
5563
22782
36661
17796
25343
15150
41537
50195
6624
49811
46117
53973
27590
7535
19176
48526
17937
15225
49967
47039
49121
33446
43445
