38794
52198
51713
28075
26579
9637
17316
43071
51679
48583
52153
35808
54049
20922
44649
6956
19166
28414
47074
20083
42101
15026
46354
21537
20262
20002
50908
19922
35962
44957
39008
18042
53569
34051
22213
8018
42982
30002
42535
33939
37056
52208
17520
5675
26120
33286
15750
19010
21037
12916
39188
38212
46038
11244
45710
11519
44401
30648
54354
41245
18469
38503
23122
46778
19550
51900
46438
37618
7703
52154
20831
25750
19716
32093
35712
38414
43895
10929
41939
17373
39352
20268
7113
6333
48647
32243
38402
31033
29359
23964
29103
28865
36742
35514
52786
12251
26857
21136
9467
49884
43177
54240
6680
12775
29738
20953
7663
42322
49174
9579
8191
35237
26253
23633
9728
50841
50997
18360
46819
15014
22477
44274
6125
14815
34573
32758
30573
37127
12346
36097
23107
15125
40132
52360
11939
25230
22139
35934
54672
54048
52726
7860
54319
44946
38986
24262
25201
21568
5682
33612
15455
10429
29676
53490
19834
28540
47566
14592
8420
43733
30634
9407
31783
17391
16407
41969
25249
37301
44034
49302
54385
43622
43146
40015
37229
48472
9122
41437
42099
21238
7363
49030
12256
47043
30903
24569
33547
19059
51420
20446
22185
44612
49716
17192
10200
20793
53726
17092
24383
54040
17958
30357
50592
27671
35517
31332
16539
8091
39109
15613
44650
42525
39834
15947
19458
44823
34729
15730
54464
28884
14221
51801
52520
10287
25140
7649
11928
37205
45037
50283
51823
45234
37591
44198
26662
48088
17876
54479
32453
36529
43579
29879
21950
18573
9043
48538
24739
40754
17252
8201
43648
41479
12539
54234
6430
16226
29721
38789
32174
53186
25813
11559
20044
47952
34265
10221
24445
15026
25671
41165
7298
25769
19609
47185
26434
8223
28490
8439
6587
33717
35904
39769
44768
50529
39265
43987
54932
48259
18781
50027
41773
47063
44742
19535
44426
10486
8187
54428
28025
38279
45381
39748
41078
30926
35370
29733
29865
34228
12002
49057
49326
42129
29887
38074
12617
9038
50345
35347
33990
22001
33766
35333
49438
7871
11157
28202
45481
24231
43659
42375
27026
41812
24249
20116
7227
6585
50177
19852
19141
19971
50528
19546
50370
17197
27588
36041
16159
42561
8209
20638
46691
16283
18892
26886
45782
50947
24502
24461
44588
46687
46948
26834
16802
51022
40781
32102
51458
11572
20032
51020
45374
24760
5339
52106
36993
29919
11088
15339
10487
16225
51335
32483
20928
18838
30887
16269
42313
48109
23612
17216
40584
45525
49253
15894
21961
54150
24021
36668
49356
31339
30499
8360
47218
17321
34814
26328
54385
37946
52948
7465
32903
27728
49097
44930
13653
42805
50263
12358
29034
49857
10200
7729
21628
12618
13170
52998
47442
48343
47505
47280
13340
53004
52627
44752
12809
38838
28073
46051
47788
8078
11991
45212
51733
39814
44586
30627
33216
24503
48223
20857
6670
10307
10498
53503
18591
54601
46358
50724
14235
31668
40491
7114
5646
20929
14630
49118
54029
8736
11871
32157
12502
41031
46969
25774
5023
34918
7642
45699
43538
18322
31484
51616
54548
25036
31061
53930
35017
31823
26991
29099
37803
50802
28700
49947
44988
32626
17053
12152
23400
49241
46407
30723
21716
10330
29147
26528
35965
18947
30667
23901
9335
11743
36599
46279
53147
10609
33448
29813
50959
19690
20249
12929
21276
6174
33367
15367
14724
38697
21879
25537
9995
10815
20526
33858
49628
32974
51719
43383
47202
34897
50884
42010
26444
15689
34008
44603
13662
12956
29037
11747
50191
16200
15255
51482
51404
27227
45949
17489
21191
52904
23809
46494
54341
37807
53021
30217
34689
51902
39369
54516
33625
43059
45920
6836
43883
23491
31803
42341
40407
51870
14766
27243
22051
14945
44688
17269
26333
9241
51468
44275
50286
15452
16898
18466
53989
28176
12817
11139
52423
51938
11532
52003
51609
16934
27091
14978
23938
39994
37824
44204
26415
54134
39095
48053
12076
36309
17790
32793
25317
17329
40014
47739
42922
14219
13268
8155
10867
18283
24949
23444
22335
18017
46428
14040
37463
51911
13597
40322
28464
25257
15595
13718
39665
18296
43648
48216
6627
11739
43288
50315
42992
34155
53775
8232
37699
26171
13793
41323
18155
11072
24749
25042
34544
35981
13692
44330
16583
28875
17766
17672
33483
13422
46546
16532
29427
26417
18157
38431
54246
29107
21552
51194
5430
9722
9944
50884
48034
30050
28696
40213
8830
9389
6703
15679
19774
17841
7659
20324
52633
45583
41979
44575
45274
53230
16549
49284
34086
29090
48669
9554
8891
39167
6717
7744
43827
24162
52764
47473
53152
24003
45237
24763
15848
51295
51764
44831
5305
7719
37168
32673
32949
29289
22843
5164
15179
36756
17782
33949
33193
25044
48686
14073
20829
8014
49929
46273
44514
46818
21997
13578
32496
42062
6069
26122
34105
20968
21947
5170
18867
36176
6276
20683
50218
14651
24955
31059
22996
52006
35431
6483
14937
7145
49873
31197
42087
9669
5913
11864
31403
47462
54703
8934
41517
44983
52785
11917
34602
34853
50540
26522
36101
50329
9906
18465
51353
18513
34378
30872
38308
19741
5833
15653
27375
17376
29874
26736
19843
12413
17477
35962
14811
34668
40212
30452
44327
14766
19970
7458
37064
14894
53980
6074
37974
54667
16144
47786
9164
18597
11278
25143
48540
27329
53815
42474
38089
20224
48164
38712
46208
33634
22970
35509
30248
16553
15441
6119
5974
26279
52538
51528
8636
39516
46304
26038
29636
50073
43000
30445
12885
6723
37241
34771
11160
48797
29321
54229
26614
28154
23414
11727
20994
23874
18250
53551
23271
33175
49184
43804
49651
46007
33805
7089
53486
12030
7144
52713
44522
24657
46308
32057
24130
34913
13729
33459
53781
40389
49810
53614
35087
34617
10029
54156
16094
10587
12172
6447
22434
39018
6676
45825
47950
30872
25081
23780
38150
17755
22798
33035
6271
24309
33431
51255
32579
29790
47027
18626
44282
51405
31226
39439
45522
47836
32155
17161
5183
21932
10913
19647
34011
34593
34164
46689
25138
44845
38484
27513
46893
53874
23617
28017
52687
23348
7006
26140
13244
27720
32535
52910
33573
10942
6099
9765
8986
24170
49948
44693
48301
13394
20381
45763
34067
25800
39323
38094
9261
34997
27860
13308
26238
41595
51199
29292
19778
22022
35341
33784
5424
8479
50522
5604
33752
41122
8312
22834
48256
7199
30134
43230
45786
25264
